year,gender,sg,age_group,region,ex-smoker,non-smoker,quitter,smoker,weight
2015.0,female,AB,0,EAST,0.0,0.838,0.009,0.153,17.181
2015.0,female,AB,0,EAST MIDLANDS,0.0,0.689,0.006,0.305,14.87
2015.0,female,AB,0,LONDON,0.024,0.818,0.097,0.061,21.805
2015.0,female,AB,0,NORTH EAST,0.0,0.881,0.0,0.119,11.342
2015.0,female,AB,0,NORTH WEST,0.037,0.82,0.005,0.138,30.172
2015.0,female,AB,0,SOUTH EAST,0.0,0.917,0.0,0.083,20.397
2015.0,female,AB,0,SOUTH WEST,0.137,0.665,0.072,0.126,26.088
2015.0,female,AB,0,WEST MIDLANDS,0.07,0.897,0.0,0.032,23.192
2015.0,female,AB,0,YORKSHIRE AND THE HUMBER,0.055,0.771,0.002,0.173,32.886
2015.0,female,AB,1,EAST,0.047,0.822,0.04,0.091,43.723
2015.0,female,AB,1,EAST MIDLANDS,0.041,0.826,0.0,0.134,23.639
2015.0,female,AB,1,LONDON,0.077,0.768,0.035,0.12,84.077
2015.0,female,AB,1,NORTH EAST,0.222,0.732,0.0,0.046,20.359
2015.0,female,AB,1,NORTH WEST,0.139,0.615,0.08,0.166,52.685
2015.0,female,AB,1,SOUTH EAST,0.171,0.75,0.002,0.077,50.999
2015.0,female,AB,1,SOUTH WEST,0.053,0.756,0.002,0.188,39.669
2015.0,female,AB,1,WEST MIDLANDS,0.072,0.829,0.004,0.095,15.391
2015.0,female,AB,1,YORKSHIRE AND THE HUMBER,0.076,0.844,0.018,0.062,56.838
2015.0,female,AB,2,EAST,0.356,0.609,0.001,0.034,71.735
2015.0,female,AB,2,EAST MIDLANDS,0.185,0.761,0.002,0.051,21.807
2015.0,female,AB,2,LONDON,0.125,0.766,0.031,0.079,98.12
2015.0,female,AB,2,NORTH EAST,0.33,0.619,0.001,0.05,21.767
2015.0,female,AB,2,NORTH WEST,0.086,0.717,0.027,0.17,66.038
2015.0,female,AB,2,SOUTH EAST,0.193,0.691,0.009,0.108,73.896
2015.0,female,AB,2,SOUTH WEST,0.24,0.634,0.012,0.115,50.569
2015.0,female,AB,2,WEST MIDLANDS,0.134,0.831,0.0,0.035,42.433
2015.0,female,AB,2,YORKSHIRE AND THE HUMBER,0.194,0.753,0.0,0.052,52.993
2015.0,female,AB,3,EAST,0.271,0.729,0.0,0.0,57.247
2015.0,female,AB,3,EAST MIDLANDS,0.0,0.84,0.004,0.156,28.066
2015.0,female,AB,3,LONDON,0.099,0.79,0.002,0.109,71.01
2015.0,female,AB,3,NORTH EAST,0.364,0.588,0.001,0.048,24.239
2015.0,female,AB,3,NORTH WEST,0.203,0.666,0.007,0.124,52.117
2015.0,female,AB,3,SOUTH EAST,0.331,0.574,0.004,0.092,120.881
2015.0,female,AB,3,SOUTH WEST,0.24,0.669,0.026,0.064,69.376
2015.0,female,AB,3,WEST MIDLANDS,0.2,0.68,0.001,0.119,28.507
2015.0,female,AB,3,YORKSHIRE AND THE HUMBER,0.171,0.773,0.0,0.056,52.953
2015.0,female,AB,4,EAST,0.285,0.596,0.0,0.118,50.073
2015.0,female,AB,4,EAST MIDLANDS,0.242,0.566,0.051,0.141,28.115
2015.0,female,AB,4,LONDON,0.305,0.613,0.002,0.081,39.037
2015.0,female,AB,4,NORTH EAST,0.257,0.692,0.002,0.049,21.011
2015.0,female,AB,4,NORTH WEST,0.312,0.648,0.0,0.04,48.098
2015.0,female,AB,4,SOUTH EAST,0.407,0.543,0.0,0.049,66.004
2015.0,female,AB,4,SOUTH WEST,0.176,0.726,0.029,0.069,63.528
2015.0,female,AB,4,WEST MIDLANDS,0.215,0.755,0.0,0.031,42.324
2015.0,female,AB,4,YORKSHIRE AND THE HUMBER,0.303,0.579,0.022,0.096,42.358
2015.0,female,AB,5,EAST,0.255,0.725,0.0,0.02,73.585
2015.0,female,AB,5,EAST MIDLANDS,0.257,0.693,0.002,0.047,36.742
2015.0,female,AB,5,LONDON,0.218,0.672,0.037,0.073,43.701
2015.0,female,AB,5,NORTH EAST,0.183,0.817,0.0,0.0,16.669
2015.0,female,AB,5,NORTH WEST,0.137,0.775,0.018,0.071,66.167
2015.0,female,AB,5,SOUTH EAST,0.365,0.624,0.0,0.012,164.906
2015.0,female,AB,5,SOUTH WEST,0.193,0.766,0.001,0.04,104.918
2015.0,female,AB,5,WEST MIDLANDS,0.212,0.733,0.001,0.054,47.094
2015.0,female,AB,5,YORKSHIRE AND THE HUMBER,0.27,0.602,0.004,0.123,50.586
2015.0,female,C1,0,EAST,0.133,0.756,0.008,0.103,36.743
2015.0,female,C1,0,EAST MIDLANDS,0.029,0.701,0.009,0.261,35.956
2015.0,female,C1,0,LONDON,0.0,0.882,0.011,0.107,85.828
2015.0,female,C1,0,NORTH EAST,0.0,0.738,0.071,0.191,16.8
2015.0,female,C1,0,NORTH WEST,0.047,0.74,0.015,0.199,102.517
2015.0,female,C1,0,SOUTH EAST,0.073,0.695,0.002,0.23,38.209
2015.0,female,C1,0,SOUTH WEST,0.0,0.788,0.005,0.207,28.787
2015.0,female,C1,0,WEST MIDLANDS,0.041,0.808,0.005,0.146,32.252
2015.0,female,C1,0,YORKSHIRE AND THE HUMBER,0.013,0.787,0.004,0.195,54.995
2015.0,female,C1,1,EAST,0.156,0.676,0.032,0.135,62.011
2015.0,female,C1,1,EAST MIDLANDS,0.116,0.708,0.006,0.17,56.784
2015.0,female,C1,1,LONDON,0.059,0.826,0.018,0.097,113.768
2015.0,female,C1,1,NORTH EAST,0.347,0.485,0.006,0.162,21.873
2015.0,female,C1,1,NORTH WEST,0.122,0.671,0.005,0.202,62.429
2015.0,female,C1,1,SOUTH EAST,0.269,0.542,0.026,0.163,74.347
2015.0,female,C1,1,SOUTH WEST,0.065,0.641,0.009,0.285,32.843
2015.0,female,C1,1,WEST MIDLANDS,0.143,0.658,0.021,0.178,59.708
2015.0,female,C1,1,YORKSHIRE AND THE HUMBER,0.118,0.641,0.014,0.228,56.574
2015.0,female,C1,2,EAST,0.099,0.691,0.008,0.201,60.611
2015.0,female,C1,2,EAST MIDLANDS,0.214,0.56,0.005,0.221,41.28
2015.0,female,C1,2,LONDON,0.149,0.788,0.023,0.04,86.073
2015.0,female,C1,2,NORTH EAST,0.252,0.602,0.002,0.143,20.449
2015.0,female,C1,2,NORTH WEST,0.116,0.603,0.032,0.249,56.426
2015.0,female,C1,2,SOUTH EAST,0.329,0.538,0.036,0.097,93.412
2015.0,female,C1,2,SOUTH WEST,0.159,0.734,0.022,0.085,36.047
2015.0,female,C1,2,WEST MIDLANDS,0.124,0.757,0.004,0.115,48.762
2015.0,female,C1,2,YORKSHIRE AND THE HUMBER,0.118,0.6,0.03,0.252,45.629
2015.0,female,C1,3,EAST,0.283,0.607,0.039,0.072,63.765
2015.0,female,C1,3,EAST MIDLANDS,0.153,0.636,0.021,0.19,44.794
2015.0,female,C1,3,LONDON,0.106,0.819,0.001,0.074,67.061
2015.0,female,C1,3,NORTH EAST,0.482,0.396,0.002,0.12,22.035
2015.0,female,C1,3,NORTH WEST,0.135,0.516,0.041,0.308,65.07
2015.0,female,C1,3,SOUTH EAST,0.208,0.669,0.007,0.115,110.733
2015.0,female,C1,3,SOUTH WEST,0.078,0.624,0.009,0.289,37.151
2015.0,female,C1,3,WEST MIDLANDS,0.176,0.661,0.005,0.159,41.509
2015.0,female,C1,3,YORKSHIRE AND THE HUMBER,0.12,0.595,0.066,0.219,50.054
2015.0,female,C1,4,EAST,0.263,0.665,0.021,0.051,38.695
2015.0,female,C1,4,EAST MIDLANDS,0.208,0.716,0.0,0.076,22.392
2015.0,female,C1,4,LONDON,0.163,0.695,0.007,0.135,31.972
2015.0,female,C1,4,NORTH EAST,0.17,0.403,0.011,0.416,23.095
2015.0,female,C1,4,NORTH WEST,0.228,0.671,0.006,0.094,30.368
2015.0,female,C1,4,SOUTH EAST,0.146,0.578,0.016,0.26,100.445
2015.0,female,C1,4,SOUTH WEST,0.373,0.48,0.003,0.143,39.39
2015.0,female,C1,4,WEST MIDLANDS,0.273,0.628,0.028,0.071,30.436
2015.0,female,C1,4,YORKSHIRE AND THE HUMBER,0.221,0.628,0.02,0.131,40.762
2015.0,female,C1,5,EAST,0.331,0.555,0.022,0.092,111.566
2015.0,female,C1,5,EAST MIDLANDS,0.08,0.819,0.001,0.099,48.736
2015.0,female,C1,5,LONDON,0.162,0.744,0.001,0.093,41.205
2015.0,female,C1,5,NORTH EAST,0.353,0.476,0.002,0.17,23.88
2015.0,female,C1,5,NORTH WEST,0.24,0.651,0.009,0.1,74.089
2015.0,female,C1,5,SOUTH EAST,0.263,0.646,0.002,0.089,151.996
2015.0,female,C1,5,SOUTH WEST,0.226,0.702,0.002,0.07,81.105
2015.0,female,C1,5,WEST MIDLANDS,0.276,0.632,0.015,0.076,47.944
2015.0,female,C1,5,YORKSHIRE AND THE HUMBER,0.218,0.716,0.003,0.062,57.272
2015.0,female,C2,0,EAST,0.093,0.806,0.004,0.097,24.412
2015.0,female,C2,0,EAST MIDLANDS,0.02,0.731,0.003,0.245,44.36
2015.0,female,C2,0,LONDON,0.0,0.824,0.014,0.162,38.819
2015.0,female,C2,0,NORTH EAST,0.0,0.738,0.0,0.262,11.205
2015.0,female,C2,0,NORTH WEST,0.037,0.679,0.006,0.278,54.194
2015.0,female,C2,0,SOUTH EAST,0.037,0.431,0.007,0.527,33.617
2015.0,female,C2,0,SOUTH WEST,0.095,0.533,0.18,0.191,16.577
2015.0,female,C2,0,WEST MIDLANDS,0.033,0.753,0.007,0.206,33.116
2015.0,female,C2,0,YORKSHIRE AND THE HUMBER,0.0,0.758,0.03,0.213,22.623
2015.0,female,C2,1,EAST,0.15,0.64,0.005,0.205,38.713
2015.0,female,C2,1,EAST MIDLANDS,0.169,0.5,0.009,0.322,49.099
2015.0,female,C2,1,LONDON,0.039,0.871,0.0,0.09,69.314
2015.0,female,C2,1,NORTH EAST,0.0,0.61,0.014,0.376,15.657
2015.0,female,C2,1,NORTH WEST,0.066,0.631,0.033,0.269,48.544
2015.0,female,C2,1,SOUTH EAST,0.199,0.308,0.035,0.458,50.48
2015.0,female,C2,1,SOUTH WEST,0.176,0.626,0.033,0.163,47.817
2015.0,female,C2,1,WEST MIDLANDS,0.062,0.699,0.04,0.199,46.102
2015.0,female,C2,1,YORKSHIRE AND THE HUMBER,0.142,0.628,0.008,0.221,35.233
2015.0,female,C2,2,EAST,0.198,0.434,0.072,0.296,22.076
2015.0,female,C2,2,EAST MIDLANDS,0.21,0.537,0.003,0.249,43.217
2015.0,female,C2,2,LONDON,0.0,0.834,0.006,0.16,39.348
2015.0,female,C2,2,NORTH EAST,0.181,0.628,0.03,0.161,25.849
2015.0,female,C2,2,NORTH WEST,0.171,0.43,0.026,0.373,34.142
2015.0,female,C2,2,SOUTH EAST,0.219,0.386,0.024,0.37,52.792
2015.0,female,C2,2,SOUTH WEST,0.2,0.476,0.005,0.319,29.663
2015.0,female,C2,2,WEST MIDLANDS,0.08,0.644,0.026,0.25,33.016
2015.0,female,C2,2,YORKSHIRE AND THE HUMBER,0.172,0.542,0.012,0.273,23.295
2015.0,female,C2,3,EAST,0.222,0.627,0.003,0.148,33.893
2015.0,female,C2,3,EAST MIDLANDS,0.061,0.625,0.017,0.297,40.653
2015.0,female,C2,3,LONDON,0.083,0.814,0.002,0.1,35.783
2015.0,female,C2,3,NORTH EAST,0.225,0.459,0.008,0.308,11.76
2015.0,female,C2,3,NORTH WEST,0.142,0.567,0.018,0.273,52.101
2015.0,female,C2,3,SOUTH EAST,0.41,0.405,0.021,0.164,74.144
2015.0,female,C2,3,SOUTH WEST,0.136,0.501,0.025,0.338,23.693
2015.0,female,C2,3,WEST MIDLANDS,0.179,0.51,0.068,0.244,47.641
2015.0,female,C2,3,YORKSHIRE AND THE HUMBER,0.053,0.673,0.007,0.266,36.207
2015.0,female,C2,4,EAST,0.345,0.325,0.012,0.318,24.902
2015.0,female,C2,4,EAST MIDLANDS,0.214,0.682,0.025,0.079,31.287
2015.0,female,C2,4,LONDON,0.065,0.762,0.002,0.171,24.659
2015.0,female,C2,4,NORTH EAST,0.083,0.623,0.005,0.29,18.212
2015.0,female,C2,4,NORTH WEST,0.238,0.598,0.008,0.155,28.014
2015.0,female,C2,4,SOUTH EAST,0.341,0.493,0.004,0.162,55.947
2015.0,female,C2,4,SOUTH WEST,0.245,0.39,0.017,0.348,23.553
2015.0,female,C2,4,WEST MIDLANDS,0.305,0.453,0.005,0.235,39.804
2015.0,female,C2,4,YORKSHIRE AND THE HUMBER,0.235,0.573,0.008,0.185,20.724
2015.0,female,C2,5,EAST,0.345,0.547,0.005,0.103,44.232
2015.0,female,C2,5,EAST MIDLANDS,0.274,0.638,0.006,0.082,40.837
2015.0,female,C2,5,LONDON,0.092,0.815,0.025,0.069,29.372
2015.0,female,C2,5,NORTH EAST,0.311,0.619,0.0,0.07,17.618
2015.0,female,C2,5,NORTH WEST,0.232,0.687,0.003,0.079,48.611
2015.0,female,C2,5,SOUTH EAST,0.253,0.607,0.006,0.134,107.431
2015.0,female,C2,5,SOUTH WEST,0.305,0.641,0.002,0.052,57.183
2015.0,female,C2,5,WEST MIDLANDS,0.208,0.704,0.001,0.088,37.737
2015.0,female,C2,5,YORKSHIRE AND THE HUMBER,0.201,0.623,0.002,0.174,29.763
2015.0,female,D,0,EAST,0.071,0.659,0.001,0.269,19.724
2015.0,female,D,0,EAST MIDLANDS,0.0,0.734,0.053,0.213,20.705
2015.0,female,D,0,LONDON,0.0,0.778,0.015,0.207,76.512
2015.0,female,D,0,NORTH EAST,0.0,0.656,0.006,0.338,15.156
2015.0,female,D,0,NORTH WEST,0.025,0.634,0.024,0.316,30.273
2015.0,female,D,0,SOUTH EAST,0.0,0.909,0.003,0.088,24.11
2015.0,female,D,0,SOUTH WEST,0.0,0.495,0.104,0.401,27.773
2015.0,female,D,0,WEST MIDLANDS,0.053,0.66,0.006,0.281,22.939
2015.0,female,D,0,YORKSHIRE AND THE HUMBER,0.019,0.59,0.013,0.378,30.424
2015.0,female,D,1,EAST,0.021,0.686,0.009,0.284,29.38
2015.0,female,D,1,EAST MIDLANDS,0.153,0.594,0.004,0.249,33.676
2015.0,female,D,1,LONDON,0.009,0.828,0.007,0.156,85.913
2015.0,female,D,1,NORTH EAST,0.208,0.255,0.019,0.518,19.457
2015.0,female,D,1,NORTH WEST,0.039,0.558,0.014,0.388,38.476
2015.0,female,D,1,SOUTH EAST,0.081,0.369,0.012,0.538,16.086
2015.0,female,D,1,SOUTH WEST,0.063,0.586,0.008,0.342,22.263
2015.0,female,D,1,WEST MIDLANDS,0.032,0.762,0.007,0.2,62.219
2015.0,female,D,1,YORKSHIRE AND THE HUMBER,0.063,0.432,0.045,0.46,32.98
2015.0,female,D,2,EAST,0.105,0.598,0.04,0.257,35.541
2015.0,female,D,2,EAST MIDLANDS,0.132,0.624,0.005,0.239,12.133
2015.0,female,D,2,LONDON,0.044,0.68,0.018,0.257,73.0
2015.0,female,D,2,NORTH EAST,0.256,0.382,0.003,0.359,7.127
2015.0,female,D,2,NORTH WEST,0.311,0.361,0.047,0.281,28.912
2015.0,female,D,2,SOUTH EAST,0.046,0.588,0.108,0.258,26.473
2015.0,female,D,2,SOUTH WEST,0.217,0.265,0.007,0.511,19.397
2015.0,female,D,2,WEST MIDLANDS,0.03,0.762,0.01,0.197,27.152
2015.0,female,D,2,YORKSHIRE AND THE HUMBER,0.0,0.717,0.042,0.241,24.681
2015.0,female,D,3,EAST,0.061,0.654,0.004,0.281,27.809
2015.0,female,D,3,EAST MIDLANDS,0.04,0.638,0.007,0.315,21.869
2015.0,female,D,3,LONDON,0.034,0.779,0.01,0.177,34.31
2015.0,female,D,3,NORTH EAST,0.205,0.129,0.113,0.554,8.983
2015.0,female,D,3,NORTH WEST,0.09,0.516,0.01,0.385,24.24
2015.0,female,D,3,SOUTH EAST,0.305,0.437,0.01,0.249,24.433
2015.0,female,D,3,SOUTH WEST,0.111,0.356,0.07,0.464,27.006
2015.0,female,D,3,WEST MIDLANDS,0.068,0.482,0.01,0.441,26.825
2015.0,female,D,3,YORKSHIRE AND THE HUMBER,0.143,0.533,0.004,0.32,26.128
2015.0,female,D,4,EAST,0.283,0.58,0.001,0.136,21.23
2015.0,female,D,4,EAST MIDLANDS,0.025,0.645,0.007,0.323,26.46
2015.0,female,D,4,LONDON,0.0,0.813,0.024,0.163,18.546
2015.0,female,D,4,NORTH EAST,0.52,0.48,0.0,0.0,9.129
2015.0,female,D,4,NORTH WEST,0.172,0.51,0.054,0.264,21.134
2015.0,female,D,4,SOUTH EAST,0.132,0.584,0.012,0.273,21.223
2015.0,female,D,4,SOUTH WEST,0.232,0.516,0.0,0.252,13.225
2015.0,female,D,4,WEST MIDLANDS,0.103,0.632,0.005,0.26,18.607
2015.0,female,D,4,YORKSHIRE AND THE HUMBER,0.131,0.464,0.048,0.357,14.641
2015.0,female,D,5,EAST,0.191,0.678,0.001,0.13,37.767
2015.0,female,D,5,EAST MIDLANDS,0.121,0.662,0.004,0.214,30.721
2015.0,female,D,5,LONDON,0.222,0.633,0.002,0.142,17.19
2015.0,female,D,5,NORTH EAST,0.497,0.431,0.0,0.073,14.583
2015.0,female,D,5,NORTH WEST,0.203,0.585,0.004,0.207,41.571
2015.0,female,D,5,SOUTH EAST,0.387,0.545,0.002,0.065,64.802
2015.0,female,D,5,SOUTH WEST,0.193,0.633,0.046,0.128,38.615
2015.0,female,D,5,WEST MIDLANDS,0.115,0.79,0.003,0.092,58.875
2015.0,female,D,5,YORKSHIRE AND THE HUMBER,0.215,0.674,0.002,0.11,29.49
2015.0,female,E,0,EAST,0.052,0.428,0.012,0.507,18.364
2015.0,female,E,0,EAST MIDLANDS,0.073,0.314,0.022,0.592,21.307
2015.0,female,E,0,LONDON,0.0,0.685,0.035,0.279,23.166
2015.0,female,E,0,NORTH EAST,0.051,0.337,0.051,0.561,23.862
2015.0,female,E,0,NORTH WEST,0.009,0.651,0.009,0.331,63.704
2015.0,female,E,0,SOUTH EAST,0.0,0.757,0.0,0.243,5.176
2015.0,female,E,0,SOUTH WEST,0.174,0.467,0.011,0.348,4.694
2015.0,female,E,0,WEST MIDLANDS,0.0,0.583,0.034,0.383,25.678
2015.0,female,E,0,YORKSHIRE AND THE HUMBER,0.11,0.352,0.007,0.531,20.22
2015.0,female,E,1,EAST,0.036,0.344,0.06,0.561,17.068
2015.0,female,E,1,EAST MIDLANDS,0.127,0.354,0.031,0.489,28.525
2015.0,female,E,1,LONDON,0.064,0.857,0.001,0.077,35.666
2015.0,female,E,1,NORTH EAST,0.112,0.329,0.013,0.546,16.233
2015.0,female,E,1,NORTH WEST,0.095,0.49,0.033,0.382,22.759
2015.0,female,E,1,SOUTH WEST,0.129,0.148,0.009,0.714,13.842
2015.0,female,E,1,WEST MIDLANDS,0.036,0.616,0.011,0.337,17.909
2015.0,female,E,1,YORKSHIRE AND THE HUMBER,0.053,0.323,0.04,0.584,24.694
2015.0,female,E,2,EAST,0.0,0.237,0.038,0.725,2.397
2015.0,female,E,2,EAST MIDLANDS,0.141,0.387,0.012,0.46,12.065
2015.0,female,E,2,LONDON,0.043,0.731,0.044,0.182,27.32
2015.0,female,E,2,NORTH EAST,0.148,0.166,0.009,0.677,8.933
2015.0,female,E,2,NORTH WEST,0.155,0.543,0.007,0.294,13.858
2015.0,female,E,2,SOUTH EAST,0.0,0.258,0.028,0.714,3.559
2015.0,female,E,2,SOUTH WEST,0.224,0.325,0.011,0.439,13.924
2015.0,female,E,2,WEST MIDLANDS,0.096,0.591,0.002,0.312,13.993
2015.0,female,E,2,YORKSHIRE AND THE HUMBER,0.149,0.526,0.01,0.315,10.658
2015.0,female,E,3,EAST,0.191,0.554,0.007,0.249,9.345
2015.0,female,E,3,EAST MIDLANDS,0.105,0.382,0.018,0.495,13.982
2015.0,female,E,3,LONDON,0.033,0.849,0.0,0.119,18.547
2015.0,female,E,3,NORTH EAST,0.045,0.429,0.025,0.502,13.442
2015.0,female,E,3,NORTH WEST,0.173,0.304,0.008,0.515,25.908
2015.0,female,E,3,SOUTH EAST,0.253,0.192,0.009,0.546,13.628
2015.0,female,E,3,SOUTH WEST,0.137,0.137,0.013,0.713,7.932
2015.0,female,E,3,WEST MIDLANDS,0.129,0.597,0.006,0.269,16.35
2015.0,female,E,3,YORKSHIRE AND THE HUMBER,0.175,0.327,0.01,0.488,12.397
2015.0,female,E,4,EAST,0.131,0.738,0.0,0.131,11.464
2015.0,female,E,4,EAST MIDLANDS,0.0,0.277,0.014,0.709,4.157
2015.0,female,E,4,LONDON,0.044,0.609,0.01,0.338,18.194
2015.0,female,E,4,NORTH EAST,0.161,0.432,0.015,0.392,10.582
2015.0,female,E,4,NORTH WEST,0.165,0.409,0.048,0.379,20.086
2015.0,female,E,4,SOUTH EAST,0.349,0.651,0.0,0.0,3.642
2015.0,female,E,4,SOUTH WEST,0.32,0.159,0.008,0.513,6.079
2015.0,female,E,4,WEST MIDLANDS,0.174,0.598,0.079,0.149,10.929
2015.0,female,E,4,YORKSHIRE AND THE HUMBER,0.185,0.34,0.016,0.46,11.617
2015.0,female,E,5,EAST,0.226,0.692,0.018,0.064,41.822
2015.0,female,E,5,EAST MIDLANDS,0.19,0.67,0.017,0.123,20.385
2015.0,female,E,5,LONDON,0.107,0.771,0.003,0.118,50.373
2015.0,female,E,5,NORTH EAST,0.412,0.442,0.038,0.107,27.242
2015.0,female,E,5,NORTH WEST,0.317,0.524,0.001,0.158,40.442
2015.0,female,E,5,SOUTH EAST,0.28,0.665,0.0,0.055,19.475
2015.0,female,E,5,SOUTH WEST,0.155,0.796,0.001,0.048,52.534
2015.0,female,E,5,WEST MIDLANDS,0.173,0.598,0.032,0.197,26.631
2015.0,female,E,5,YORKSHIRE AND THE HUMBER,0.193,0.564,0.008,0.235,30.928
2015.0,male,AB,0,EAST,0.094,0.657,0.07,0.179,42.062
2015.0,male,AB,0,EAST MIDLANDS,0.0,0.903,0.09,0.007,16.115
2015.0,male,AB,0,LONDON,0.045,0.865,0.02,0.07,41.671
2015.0,male,AB,0,NORTH EAST,0.0,0.802,0.003,0.195,15.162
2015.0,male,AB,0,NORTH WEST,0.0,0.695,0.033,0.273,32.868
2015.0,male,AB,0,SOUTH EAST,0.08,0.831,0.004,0.084,23.201
2015.0,male,AB,0,SOUTH WEST,0.0,0.78,0.006,0.215,39.15
2015.0,male,AB,0,WEST MIDLANDS,0.066,0.797,0.001,0.134,16.615
2015.0,male,AB,0,YORKSHIRE AND THE HUMBER,0.0,0.756,0.004,0.24,18.243
2015.0,male,AB,1,EAST,0.043,0.852,0.002,0.103,47.416
2015.0,male,AB,1,EAST MIDLANDS,0.137,0.639,0.085,0.14,26.528
2015.0,male,AB,1,LONDON,0.094,0.788,0.029,0.089,110.103
2015.0,male,AB,1,NORTH EAST,0.129,0.824,0.001,0.046,18.998
2015.0,male,AB,1,NORTH WEST,0.042,0.704,0.003,0.251,52.652
2015.0,male,AB,1,SOUTH EAST,0.038,0.795,0.001,0.166,65.564
2015.0,male,AB,1,SOUTH WEST,0.171,0.614,0.006,0.208,55.025
2015.0,male,AB,1,WEST MIDLANDS,0.114,0.723,0.004,0.159,29.753
2015.0,male,AB,1,YORKSHIRE AND THE HUMBER,0.091,0.71,0.031,0.168,60.327
2015.0,male,AB,2,EAST,0.1,0.856,0.0,0.044,35.014
2015.0,male,AB,2,EAST MIDLANDS,0.162,0.678,0.011,0.149,34.275
2015.0,male,AB,2,LONDON,0.121,0.71,0.036,0.133,109.76
2015.0,male,AB,2,NORTH EAST,0.0,0.842,0.005,0.153,31.399
2015.0,male,AB,2,NORTH WEST,0.254,0.626,0.004,0.116,69.951
2015.0,male,AB,2,SOUTH EAST,0.227,0.489,0.075,0.209,68.122
2015.0,male,AB,2,SOUTH WEST,0.254,0.629,0.056,0.061,33.759
2015.0,male,AB,2,WEST MIDLANDS,0.073,0.75,0.003,0.174,43.501
2015.0,male,AB,2,YORKSHIRE AND THE HUMBER,0.26,0.614,0.019,0.108,57.917
2015.0,male,AB,3,EAST,0.294,0.596,0.044,0.066,71.975
2015.0,male,AB,3,EAST MIDLANDS,0.288,0.677,0.001,0.034,33.091
2015.0,male,AB,3,LONDON,0.295,0.618,0.014,0.074,71.656
2015.0,male,AB,3,NORTH EAST,0.483,0.317,0.003,0.197,22.032
2015.0,male,AB,3,NORTH WEST,0.188,0.71,0.015,0.088,58.918
2015.0,male,AB,3,SOUTH EAST,0.146,0.717,0.001,0.136,83.634
2015.0,male,AB,3,SOUTH WEST,0.26,0.584,0.003,0.154,58.679
2015.0,male,AB,3,WEST MIDLANDS,0.135,0.724,0.0,0.142,31.716
2015.0,male,AB,3,YORKSHIRE AND THE HUMBER,0.217,0.68,0.015,0.088,63.646
2015.0,male,AB,4,EAST,0.36,0.53,0.027,0.083,64.907
2015.0,male,AB,4,EAST MIDLANDS,0.221,0.608,0.034,0.136,30.92
2015.0,male,AB,4,LONDON,0.072,0.735,0.018,0.174,32.484
2015.0,male,AB,4,NORTH EAST,0.298,0.678,0.0,0.025,28.2
2015.0,male,AB,4,NORTH WEST,0.363,0.523,0.018,0.096,40.963
2015.0,male,AB,4,SOUTH EAST,0.297,0.593,0.006,0.103,92.355
2015.0,male,AB,4,SOUTH WEST,0.231,0.741,0.001,0.027,71.294
2015.0,male,AB,4,WEST MIDLANDS,0.265,0.69,0.002,0.043,27.222
2015.0,male,AB,4,YORKSHIRE AND THE HUMBER,0.285,0.577,0.003,0.135,54.88
2015.0,male,AB,5,EAST,0.404,0.547,0.002,0.047,85.568
2015.0,male,AB,5,EAST MIDLANDS,0.265,0.631,0.003,0.101,29.805
2015.0,male,AB,5,LONDON,0.299,0.65,0.015,0.036,43.006
2015.0,male,AB,5,NORTH EAST,0.477,0.374,0.002,0.147,18.955
2015.0,male,AB,5,NORTH WEST,0.326,0.542,0.025,0.108,74.43
2015.0,male,AB,5,SOUTH EAST,0.525,0.447,0.007,0.022,188.088
2015.0,male,AB,5,SOUTH WEST,0.342,0.581,0.001,0.076,117.139
2015.0,male,AB,5,WEST MIDLANDS,0.427,0.507,0.004,0.063,58.268
2015.0,male,AB,5,YORKSHIRE AND THE HUMBER,0.354,0.574,0.001,0.072,59.024
2015.0,male,C1,0,EAST,0.014,0.785,0.03,0.171,46.537
2015.0,male,C1,0,EAST MIDLANDS,0.0,0.75,0.003,0.247,43.656
2015.0,male,C1,0,LONDON,0.038,0.779,0.027,0.157,78.034
2015.0,male,C1,0,NORTH EAST,0.0,0.889,0.002,0.109,10.876
2015.0,male,C1,0,NORTH WEST,0.024,0.695,0.017,0.264,108.146
2015.0,male,C1,0,SOUTH EAST,0.0,0.688,0.075,0.238,50.666
2015.0,male,C1,0,SOUTH WEST,0.0,0.643,0.048,0.309,27.741
2015.0,male,C1,0,WEST MIDLANDS,0.075,0.763,0.002,0.161,35.364
2015.0,male,C1,0,YORKSHIRE AND THE HUMBER,0.063,0.752,0.019,0.167,53.384
2015.0,male,C1,1,EAST,0.064,0.495,0.027,0.414,68.364
2015.0,male,C1,1,EAST MIDLANDS,0.142,0.638,0.05,0.17,53.815
2015.0,male,C1,1,LONDON,0.075,0.704,0.034,0.187,126.729
2015.0,male,C1,1,NORTH EAST,0.0,0.839,0.009,0.152,22.24
2015.0,male,C1,1,NORTH WEST,0.154,0.518,0.042,0.286,78.986
2015.0,male,C1,1,SOUTH EAST,0.135,0.791,0.028,0.046,42.918
2015.0,male,C1,1,SOUTH WEST,0.353,0.409,0.01,0.228,30.656
2015.0,male,C1,1,WEST MIDLANDS,0.104,0.734,0.003,0.159,42.381
2015.0,male,C1,1,YORKSHIRE AND THE HUMBER,0.093,0.595,0.026,0.287,57.042
2015.0,male,C1,2,EAST,0.165,0.545,0.036,0.254,55.906
2015.0,male,C1,2,EAST MIDLANDS,0.086,0.826,0.018,0.07,43.035
2015.0,male,C1,2,LONDON,0.174,0.67,0.011,0.145,64.952
2015.0,male,C1,2,NORTH EAST,0.195,0.454,0.079,0.272,15.564
2015.0,male,C1,2,NORTH WEST,0.133,0.517,0.011,0.339,47.4
2015.0,male,C1,2,SOUTH EAST,0.163,0.611,0.045,0.181,76.506
2015.0,male,C1,2,SOUTH WEST,0.34,0.349,0.009,0.302,35.75
2015.0,male,C1,2,WEST MIDLANDS,0.224,0.606,0.006,0.164,37.982
2015.0,male,C1,2,YORKSHIRE AND THE HUMBER,0.227,0.571,0.017,0.186,54.735
2015.0,male,C1,3,EAST,0.235,0.563,0.024,0.178,58.074
2015.0,male,C1,3,EAST MIDLANDS,0.096,0.762,0.005,0.136,40.316
2015.0,male,C1,3,LONDON,0.195,0.67,0.012,0.123,48.363
2015.0,male,C1,3,NORTH EAST,0.042,0.712,0.004,0.241,17.501
2015.0,male,C1,3,NORTH WEST,0.171,0.686,0.019,0.125,49.311
2015.0,male,C1,3,SOUTH EAST,0.157,0.74,0.013,0.09,133.042
2015.0,male,C1,3,SOUTH WEST,0.289,0.573,0.064,0.075,21.761
2015.0,male,C1,3,WEST MIDLANDS,0.148,0.614,0.02,0.218,34.595
2015.0,male,C1,3,YORKSHIRE AND THE HUMBER,0.145,0.64,0.041,0.174,41.863
2015.0,male,C1,4,EAST,0.363,0.367,0.029,0.24,41.258
2015.0,male,C1,4,EAST MIDLANDS,0.324,0.486,0.029,0.161,26.524
2015.0,male,C1,4,LONDON,0.167,0.616,0.008,0.209,28.028
2015.0,male,C1,4,NORTH EAST,0.222,0.588,0.035,0.156,18.202
2015.0,male,C1,4,NORTH WEST,0.278,0.625,0.019,0.078,30.562
2015.0,male,C1,4,SOUTH EAST,0.297,0.599,0.045,0.058,59.122
2015.0,male,C1,4,SOUTH WEST,0.357,0.521,0.037,0.085,18.815
2015.0,male,C1,4,WEST MIDLANDS,0.29,0.62,0.001,0.089,21.957
2015.0,male,C1,4,YORKSHIRE AND THE HUMBER,0.271,0.647,0.004,0.077,32.572
2015.0,male,C1,5,EAST,0.562,0.361,0.0,0.076,67.32
2015.0,male,C1,5,EAST MIDLANDS,0.298,0.607,0.002,0.093,25.501
2015.0,male,C1,5,LONDON,0.257,0.634,0.016,0.093,25.853
2015.0,male,C1,5,NORTH EAST,0.623,0.377,0.0,0.0,9.244
2015.0,male,C1,5,NORTH WEST,0.424,0.479,0.012,0.085,44.823
2015.0,male,C1,5,SOUTH EAST,0.468,0.478,0.016,0.038,99.853
2015.0,male,C1,5,SOUTH WEST,0.449,0.424,0.016,0.111,50.156
2015.0,male,C1,5,WEST MIDLANDS,0.376,0.562,0.001,0.061,30.624
2015.0,male,C1,5,YORKSHIRE AND THE HUMBER,0.32,0.583,0.006,0.091,30.064
2015.0,male,C2,0,EAST,0.071,0.693,0.004,0.232,25.394
2015.0,male,C2,0,EAST MIDLANDS,0.014,0.612,0.011,0.363,40.155
2015.0,male,C2,0,LONDON,0.013,0.778,0.004,0.205,55.976
2015.0,male,C2,0,NORTH EAST,0.0,0.714,0.034,0.252,18.727
2015.0,male,C2,0,NORTH WEST,0.03,0.638,0.011,0.322,50.835
2015.0,male,C2,0,SOUTH EAST,0.034,0.62,0.002,0.345,67.976
2015.0,male,C2,0,SOUTH WEST,0.0,0.694,0.01,0.296,27.007
2015.0,male,C2,0,WEST MIDLANDS,0.086,0.658,0.038,0.217,45.412
2015.0,male,C2,0,YORKSHIRE AND THE HUMBER,0.032,0.523,0.013,0.433,29.178
2015.0,male,C2,1,EAST,0.182,0.584,0.001,0.233,38.338
2015.0,male,C2,1,EAST MIDLANDS,0.063,0.665,0.005,0.267,47.471
2015.0,male,C2,1,LONDON,0.02,0.638,0.007,0.334,84.259
2015.0,male,C2,1,NORTH EAST,0.138,0.531,0.029,0.303,32.872
2015.0,male,C2,1,NORTH WEST,0.072,0.499,0.038,0.392,52.729
2015.0,male,C2,1,SOUTH EAST,0.273,0.442,0.007,0.278,83.09
2015.0,male,C2,1,SOUTH WEST,0.101,0.729,0.004,0.167,38.95
2015.0,male,C2,1,WEST MIDLANDS,0.122,0.507,0.009,0.362,56.186
2015.0,male,C2,1,YORKSHIRE AND THE HUMBER,0.132,0.559,0.034,0.275,43.289
2015.0,male,C2,2,EAST,0.216,0.575,0.001,0.208,28.28
2015.0,male,C2,2,EAST MIDLANDS,0.091,0.688,0.006,0.215,54.377
2015.0,male,C2,2,LONDON,0.108,0.612,0.007,0.273,75.19
2015.0,male,C2,2,NORTH EAST,0.119,0.672,0.013,0.196,20.901
2015.0,male,C2,2,NORTH WEST,0.147,0.458,0.008,0.388,38.775
2015.0,male,C2,2,SOUTH EAST,0.297,0.382,0.003,0.317,60.372
2015.0,male,C2,2,SOUTH WEST,0.133,0.626,0.024,0.217,28.662
2015.0,male,C2,2,WEST MIDLANDS,0.287,0.444,0.032,0.238,44.709
2015.0,male,C2,2,YORKSHIRE AND THE HUMBER,0.122,0.655,0.003,0.22,32.769
2015.0,male,C2,3,EAST,0.282,0.523,0.029,0.166,41.238
2015.0,male,C2,3,EAST MIDLANDS,0.273,0.445,0.006,0.277,46.484
2015.0,male,C2,3,LONDON,0.082,0.573,0.009,0.337,45.583
2015.0,male,C2,3,NORTH EAST,0.349,0.387,0.009,0.255,15.293
2015.0,male,C2,3,NORTH WEST,0.138,0.553,0.007,0.303,50.547
2015.0,male,C2,3,SOUTH EAST,0.335,0.476,0.009,0.18,86.09
2015.0,male,C2,3,SOUTH WEST,0.282,0.378,0.075,0.265,39.086
2015.0,male,C2,3,WEST MIDLANDS,0.14,0.636,0.006,0.218,45.302
2015.0,male,C2,3,YORKSHIRE AND THE HUMBER,0.072,0.651,0.032,0.245,35.549
2015.0,male,C2,4,EAST,0.352,0.51,0.001,0.137,31.048
2015.0,male,C2,4,EAST MIDLANDS,0.149,0.607,0.004,0.24,27.225
2015.0,male,C2,4,LONDON,0.089,0.578,0.044,0.289,18.699
2015.0,male,C2,4,NORTH EAST,0.331,0.389,0.005,0.274,22.017
2015.0,male,C2,4,NORTH WEST,0.184,0.543,0.006,0.267,41.816
2015.0,male,C2,4,SOUTH EAST,0.255,0.399,0.033,0.313,45.086
2015.0,male,C2,4,SOUTH WEST,0.445,0.359,0.022,0.174,33.669
2015.0,male,C2,4,WEST MIDLANDS,0.311,0.531,0.034,0.124,23.708
2015.0,male,C2,4,YORKSHIRE AND THE HUMBER,0.201,0.637,0.009,0.153,31.374
2015.0,male,C2,5,EAST,0.385,0.482,0.002,0.13,56.89
2015.0,male,C2,5,EAST MIDLANDS,0.241,0.62,0.002,0.136,44.864
2015.0,male,C2,5,LONDON,0.28,0.582,0.001,0.137,14.765
2015.0,male,C2,5,NORTH EAST,0.296,0.576,0.001,0.128,19.597
2015.0,male,C2,5,NORTH WEST,0.448,0.439,0.012,0.102,66.277
2015.0,male,C2,5,SOUTH EAST,0.465,0.406,0.004,0.125,100.047
2015.0,male,C2,5,SOUTH WEST,0.391,0.505,0.001,0.104,87.961
2015.0,male,C2,5,WEST MIDLANDS,0.418,0.5,0.003,0.079,40.037
2015.0,male,C2,5,YORKSHIRE AND THE HUMBER,0.403,0.475,0.001,0.12,36.942
2015.0,male,D,0,EAST,0.0,0.945,0.001,0.054,31.817
2015.0,male,D,0,EAST MIDLANDS,0.033,0.625,0.009,0.333,25.375
2015.0,male,D,0,LONDON,0.015,0.722,0.01,0.252,75.948
2015.0,male,D,0,NORTH EAST,0.04,0.631,0.007,0.322,14.624
2015.0,male,D,0,NORTH WEST,0.0,0.485,0.07,0.445,35.377
2015.0,male,D,0,SOUTH EAST,0.0,0.794,0.004,0.202,15.756
2015.0,male,D,0,SOUTH WEST,0.0,0.489,0.015,0.496,24.969
2015.0,male,D,0,WEST MIDLANDS,0.0,0.736,0.019,0.245,41.485
2015.0,male,D,0,YORKSHIRE AND THE HUMBER,0.0,0.431,0.104,0.465,34.757
2015.0,male,D,1,EAST,0.05,0.433,0.008,0.51,31.615
2015.0,male,D,1,EAST MIDLANDS,0.0,0.657,0.006,0.337,39.249
2015.0,male,D,1,LONDON,0.008,0.678,0.006,0.307,81.931
2015.0,male,D,1,NORTH EAST,0.112,0.527,0.06,0.301,20.911
2015.0,male,D,1,NORTH WEST,0.156,0.577,0.04,0.226,31.312
2015.0,male,D,1,SOUTH EAST,0.0,0.793,0.01,0.197,19.654
2015.0,male,D,1,SOUTH WEST,0.091,0.321,0.025,0.563,21.871
2015.0,male,D,1,WEST MIDLANDS,0.037,0.63,0.026,0.306,43.226
2015.0,male,D,1,YORKSHIRE AND THE HUMBER,0.105,0.362,0.012,0.521,23.699
2015.0,male,D,2,EAST,0.061,0.516,0.125,0.298,17.925
2015.0,male,D,2,EAST MIDLANDS,0.168,0.502,0.001,0.328,22.07
2015.0,male,D,2,LONDON,0.044,0.579,0.006,0.372,63.435
2015.0,male,D,2,NORTH EAST,0.11,0.623,0.004,0.264,13.402
2015.0,male,D,2,NORTH WEST,0.069,0.341,0.022,0.567,24.111
2015.0,male,D,2,SOUTH EAST,0.217,0.444,0.012,0.327,8.952
2015.0,male,D,2,SOUTH WEST,0.062,0.448,0.043,0.446,22.973
2015.0,male,D,2,WEST MIDLANDS,0.08,0.697,0.019,0.204,37.748
2015.0,male,D,2,YORKSHIRE AND THE HUMBER,0.096,0.705,0.008,0.192,30.73
2015.0,male,D,3,EAST,0.167,0.698,0.0,0.134,23.363
2015.0,male,D,3,EAST MIDLANDS,0.064,0.793,0.0,0.143,18.766
2015.0,male,D,3,LONDON,0.035,0.525,0.044,0.396,28.665
2015.0,male,D,3,NORTH EAST,0.374,0.358,0.054,0.215,7.986
2015.0,male,D,3,NORTH WEST,0.103,0.643,0.026,0.228,35.571
2015.0,male,D,3,SOUTH EAST,0.197,0.452,0.01,0.341,20.334
2015.0,male,D,3,SOUTH WEST,0.106,0.533,0.043,0.318,31.664
2015.0,male,D,3,WEST MIDLANDS,0.078,0.729,0.027,0.167,33.23
2015.0,male,D,3,YORKSHIRE AND THE HUMBER,0.27,0.413,0.03,0.287,26.012
2015.0,male,D,4,EAST,0.189,0.489,0.004,0.318,13.667
2015.0,male,D,4,EAST MIDLANDS,0.186,0.538,0.008,0.267,19.018
2015.0,male,D,4,LONDON,0.247,0.553,0.002,0.199,15.944
2015.0,male,D,4,NORTH EAST,0.202,0.488,0.002,0.309,15.459
2015.0,male,D,4,NORTH WEST,0.202,0.658,0.003,0.138,15.033
2015.0,male,D,4,SOUTH EAST,0.534,0.161,0.073,0.232,20.29
2015.0,male,D,4,SOUTH WEST,0.285,0.473,0.007,0.234,18.185
2015.0,male,D,4,WEST MIDLANDS,0.201,0.583,0.006,0.21,21.734
2015.0,male,D,4,YORKSHIRE AND THE HUMBER,0.374,0.4,0.008,0.218,11.858
2015.0,male,D,5,EAST,0.504,0.227,0.001,0.268,17.647
2015.0,male,D,5,EAST MIDLANDS,0.397,0.483,0.002,0.118,22.541
2015.0,male,D,5,LONDON,0.341,0.524,0.0,0.135,9.868
2015.0,male,D,5,NORTH EAST,0.265,0.444,0.008,0.283,10.812
2015.0,male,D,5,NORTH WEST,0.276,0.575,0.005,0.144,23.651
2015.0,male,D,5,SOUTH EAST,0.586,0.279,0.002,0.134,43.796
2015.0,male,D,5,SOUTH WEST,0.225,0.775,0.0,0.0,11.286
2015.0,male,D,5,WEST MIDLANDS,0.142,0.718,0.001,0.14,41.232
2015.0,male,D,5,YORKSHIRE AND THE HUMBER,0.526,0.36,0.002,0.113,15.561
2015.0,male,E,0,EAST,0.0,0.842,0.0,0.158,9.807
2015.0,male,E,0,EAST MIDLANDS,0.099,0.498,0.009,0.393,6.344
2015.0,male,E,0,LONDON,0.059,0.756,0.0,0.185,17.055
2015.0,male,E,0,NORTH EAST,0.135,0.356,0.02,0.488,8.542
2015.0,male,E,0,NORTH WEST,0.0,0.776,0.005,0.218,39.901
2015.0,male,E,0,SOUTH EAST,0.0,0.456,0.033,0.511,2.508
2015.0,male,E,0,SOUTH WEST,0.0,0.198,0.016,0.786,6.344
2015.0,male,E,0,WEST MIDLANDS,0.0,0.868,0.008,0.125,27.365
2015.0,male,E,0,YORKSHIRE AND THE HUMBER,0.0,0.325,0.09,0.585,7.351
2015.0,male,E,1,EAST,0.0,0.662,0.0,0.338,3.704
2015.0,male,E,1,EAST MIDLANDS,0.094,0.436,0.005,0.465,10.52
2015.0,male,E,1,LONDON,0.025,0.618,0.019,0.338,27.566
2015.0,male,E,1,NORTH EAST,0.184,0.109,0.039,0.668,8.442
2015.0,male,E,1,NORTH WEST,0.0,0.525,0.013,0.462,18.169
2015.0,male,E,1,SOUTH EAST,0.0,0.0,1.0,0.0,2.592
2015.0,male,E,1,SOUTH WEST,0.0,0.71,0.0,0.29,3.388
2015.0,male,E,1,WEST MIDLANDS,0.084,0.448,0.011,0.456,21.808
2015.0,male,E,1,YORKSHIRE AND THE HUMBER,0.036,0.429,0.008,0.527,18.035
2015.0,male,E,2,EAST,0.206,0.316,0.015,0.463,6.634
2015.0,male,E,2,EAST MIDLANDS,0.131,0.107,0.011,0.751,13.446
2015.0,male,E,2,LONDON,0.142,0.512,0.038,0.308,14.491
2015.0,male,E,2,NORTH EAST,0.12,0.183,0.008,0.689,5.944
2015.0,male,E,2,NORTH WEST,0.094,0.414,0.036,0.456,19.529
2015.0,male,E,2,SOUTH EAST,0.0,0.0,0.061,0.939,4.144
2015.0,male,E,2,SOUTH WEST,0.0,0.0,0.299,0.701,5.83
2015.0,male,E,2,WEST MIDLANDS,0.062,0.611,0.006,0.32,14.85
2015.0,male,E,2,YORKSHIRE AND THE HUMBER,0.067,0.141,0.007,0.785,9.558
2015.0,male,E,3,EAST,0.158,0.191,0.007,0.644,19.183
2015.0,male,E,3,EAST MIDLANDS,0.054,0.247,0.015,0.684,10.54
2015.0,male,E,3,LONDON,0.058,0.578,0.053,0.312,19.643
2015.0,male,E,3,NORTH EAST,0.0,0.562,0.008,0.43,11.59
2015.0,male,E,3,NORTH WEST,0.12,0.259,0.017,0.604,16.781
2015.0,male,E,3,SOUTH EAST,0.453,0.202,0.007,0.338,8.066
2015.0,male,E,3,SOUTH WEST,0.346,0.0,0.023,0.631,10.212
2015.0,male,E,3,WEST MIDLANDS,0.038,0.662,0.025,0.275,17.734
2015.0,male,E,3,YORKSHIRE AND THE HUMBER,0.124,0.356,0.01,0.51,10.665
2015.0,male,E,4,EAST,0.245,0.681,0.004,0.07,6.966
2015.0,male,E,4,EAST MIDLANDS,0.058,0.33,0.015,0.597,7.698
2015.0,male,E,4,LONDON,0.186,0.738,0.001,0.075,8.26
2015.0,male,E,4,NORTH EAST,0.317,0.313,0.001,0.369,5.915
2015.0,male,E,4,NORTH WEST,0.124,0.291,0.029,0.554,12.258
2015.0,male,E,4,SOUTH EAST,0.0,0.146,0.021,0.833,6.036
2015.0,male,E,4,SOUTH WEST,0.159,0.313,0.087,0.441,5.175
2015.0,male,E,4,WEST MIDLANDS,0.085,0.61,0.005,0.3,15.791
2015.0,male,E,4,YORKSHIRE AND THE HUMBER,0.178,0.33,0.01,0.482,11.252
2015.0,male,E,5,EAST,0.3,0.647,0.001,0.051,18.553
2015.0,male,E,5,EAST MIDLANDS,0.448,0.162,0.01,0.379,7.217
2015.0,male,E,5,LONDON,0.201,0.708,0.011,0.079,25.638
2015.0,male,E,5,NORTH EAST,0.489,0.391,0.003,0.117,9.578
2015.0,male,E,5,NORTH WEST,0.461,0.391,0.003,0.144,18.139
2015.0,male,E,5,SOUTH EAST,0.611,0.181,0.0,0.208,6.563
2015.0,male,E,5,SOUTH WEST,0.133,0.709,0.002,0.157,22.395
2015.0,male,E,5,WEST MIDLANDS,0.375,0.422,0.005,0.197,8.982
2015.0,male,E,5,YORKSHIRE AND THE HUMBER,0.433,0.362,0.001,0.204,9.568
2015.083,female,AB,0,EAST,0.0,0.837,0.007,0.156,17.181
2015.083,female,AB,0,EAST MIDLANDS,0.0,0.704,0.006,0.29,15.87
2015.083,female,AB,0,LONDON,0.023,0.823,0.08,0.074,22.805
2015.083,female,AB,0,NORTH EAST,0.0,0.879,0.005,0.116,11.342
2015.083,female,AB,0,NORTH WEST,0.036,0.82,0.003,0.141,30.172
2015.083,female,AB,0,SOUTH EAST,0.0,0.915,0.001,0.084,22.397
2015.083,female,AB,0,SOUTH WEST,0.132,0.67,0.067,0.13,27.088
2015.083,female,AB,0,WEST MIDLANDS,0.074,0.888,0.0,0.038,21.491
2015.083,female,AB,0,YORKSHIRE AND THE HUMBER,0.053,0.775,0.003,0.168,33.886
2015.083,female,AB,1,EAST,0.047,0.822,0.038,0.092,43.723
2015.083,female,AB,1,EAST MIDLANDS,0.041,0.826,0.0,0.134,23.639
2015.083,female,AB,1,LONDON,0.079,0.761,0.03,0.13,81.518
2015.083,female,AB,1,NORTH EAST,0.129,0.82,0.001,0.05,18.169
2015.083,female,AB,1,NORTH WEST,0.138,0.615,0.066,0.181,52.685
2015.083,female,AB,1,SOUTH EAST,0.171,0.75,0.004,0.075,50.999
2015.083,female,AB,1,SOUTH WEST,0.053,0.757,0.002,0.187,39.644
2015.083,female,AB,1,WEST MIDLANDS,0.065,0.846,0.009,0.08,17.092
2015.083,female,AB,1,YORKSHIRE AND THE HUMBER,0.077,0.842,0.017,0.064,55.985
2015.083,female,AB,2,EAST,0.355,0.609,0.001,0.035,71.735
2015.083,female,AB,2,EAST MIDLANDS,0.185,0.761,0.003,0.05,21.807
2015.083,female,AB,2,LONDON,0.131,0.772,0.018,0.08,100.679
2015.083,female,AB,2,NORTH EAST,0.391,0.563,0.002,0.044,23.957
2015.083,female,AB,2,NORTH WEST,0.108,0.73,0.005,0.157,64.921
2015.083,female,AB,2,SOUTH EAST,0.193,0.691,0.009,0.108,73.896
2015.083,female,AB,2,SOUTH WEST,0.24,0.634,0.01,0.117,50.569
2015.083,female,AB,2,WEST MIDLANDS,0.134,0.831,0.0,0.035,42.382
2015.083,female,AB,2,YORKSHIRE AND THE HUMBER,0.191,0.757,0.001,0.051,53.846
2015.083,female,AB,3,EAST,0.271,0.729,0.0,0.0,57.209
2015.083,female,AB,3,EAST MIDLANDS,0.0,0.84,0.006,0.154,28.066
2015.083,female,AB,3,LONDON,0.099,0.79,0.004,0.108,71.01
2015.083,female,AB,3,NORTH EAST,0.364,0.588,0.001,0.048,24.239
2015.083,female,AB,3,NORTH WEST,0.199,0.652,0.011,0.138,53.235
2015.083,female,AB,3,SOUTH EAST,0.331,0.574,0.006,0.089,120.881
2015.083,female,AB,3,SOUTH WEST,0.24,0.669,0.024,0.066,69.295
2015.083,female,AB,3,WEST MIDLANDS,0.2,0.68,0.001,0.119,28.507
2015.083,female,AB,3,YORKSHIRE AND THE HUMBER,0.175,0.768,0.001,0.056,51.788
2015.083,female,AB,4,EAST,0.286,0.597,0.002,0.115,49.998
2015.083,female,AB,4,EAST MIDLANDS,0.255,0.544,0.053,0.149,26.774
2015.083,female,AB,4,LONDON,0.313,0.604,0.002,0.082,38.097
2015.083,female,AB,4,NORTH EAST,0.257,0.692,0.003,0.048,21.011
2015.083,female,AB,4,NORTH WEST,0.312,0.648,0.0,0.04,48.098
2015.083,female,AB,4,SOUTH EAST,0.407,0.543,0.0,0.049,65.919
2015.083,female,AB,4,SOUTH WEST,0.175,0.727,0.025,0.073,63.528
2015.083,female,AB,4,WEST MIDLANDS,0.215,0.755,0.0,0.031,42.301
2015.083,female,AB,4,YORKSHIRE AND THE HUMBER,0.319,0.582,0.005,0.092,42.612
2015.083,female,AB,5,EAST,0.253,0.727,0.0,0.02,73.397
2015.083,female,AB,5,EAST MIDLANDS,0.248,0.704,0.002,0.046,37.964
2015.083,female,AB,5,LONDON,0.212,0.68,0.035,0.072,44.47
2015.083,female,AB,5,NORTH EAST,0.184,0.816,0.0,0.0,16.625
2015.083,female,AB,5,NORTH WEST,0.136,0.776,0.018,0.07,66.046
2015.083,female,AB,5,SOUTH EAST,0.361,0.628,0.0,0.012,164.468
2015.083,female,AB,5,SOUTH WEST,0.191,0.768,0.002,0.04,104.478
2015.083,female,AB,5,WEST MIDLANDS,0.212,0.733,0.001,0.054,47.015
2015.083,female,AB,5,YORKSHIRE AND THE HUMBER,0.264,0.611,0.005,0.119,51.447
2015.083,female,C1,0,EAST,0.134,0.75,0.006,0.111,36.509
2015.083,female,C1,0,EAST MIDLANDS,0.029,0.7,0.013,0.258,35.956
2015.083,female,C1,0,LONDON,0.0,0.875,0.013,0.111,83.065
2015.083,female,C1,0,NORTH EAST,0.0,0.736,0.061,0.202,16.8
2015.083,female,C1,0,NORTH WEST,0.047,0.739,0.016,0.198,102.517
2015.083,female,C1,0,SOUTH EAST,0.073,0.693,0.002,0.233,38.209
2015.083,female,C1,0,SOUTH WEST,0.0,0.792,0.005,0.202,29.787
2015.083,female,C1,0,WEST MIDLANDS,0.04,0.811,0.006,0.143,33.252
2015.083,female,C1,0,YORKSHIRE AND THE HUMBER,0.014,0.779,0.005,0.202,53.793
2015.083,female,C1,1,EAST,0.171,0.683,0.012,0.134,63.245
2015.083,female,C1,1,EAST MIDLANDS,0.116,0.705,0.011,0.167,56.178
2015.083,female,C1,1,LONDON,0.059,0.828,0.016,0.097,115.135
2015.083,female,C1,1,NORTH EAST,0.283,0.533,0.009,0.176,19.922
2015.083,female,C1,1,NORTH WEST,0.124,0.667,0.005,0.205,61.692
2015.083,female,C1,1,SOUTH EAST,0.269,0.542,0.024,0.166,74.347
2015.083,female,C1,1,SOUTH WEST,0.067,0.625,0.008,0.3,31.477
2015.083,female,C1,1,WEST MIDLANDS,0.144,0.653,0.024,0.178,58.936
2015.083,female,C1,1,YORKSHIRE AND THE HUMBER,0.108,0.656,0.016,0.222,57.757
2015.083,female,C1,2,EAST,0.098,0.691,0.011,0.199,60.611
2015.083,female,C1,2,EAST MIDLANDS,0.211,0.566,0.005,0.217,41.887
2015.083,female,C1,2,LONDON,0.148,0.79,0.019,0.044,86.574
2015.083,female,C1,2,NORTH EAST,0.317,0.55,0.002,0.131,22.399
2015.083,female,C1,2,NORTH WEST,0.114,0.608,0.031,0.247,57.151
2015.083,female,C1,2,SOUTH EAST,0.329,0.538,0.031,0.102,93.412
2015.083,female,C1,2,SOUTH WEST,0.153,0.744,0.021,0.081,37.381
2015.083,female,C1,2,WEST MIDLANDS,0.122,0.761,0.004,0.113,49.519
2015.083,female,C1,2,YORKSHIRE AND THE HUMBER,0.125,0.6,0.029,0.246,46.633
2015.083,female,C1,3,EAST,0.287,0.601,0.038,0.074,62.92
2015.083,female,C1,3,EAST MIDLANDS,0.153,0.636,0.019,0.192,44.794
2015.083,female,C1,3,LONDON,0.105,0.821,0.002,0.072,67.955
2015.083,female,C1,3,NORTH EAST,0.482,0.396,0.007,0.116,22.035
2015.083,female,C1,3,NORTH WEST,0.135,0.516,0.042,0.306,65.037
2015.083,female,C1,3,SOUTH EAST,0.208,0.669,0.005,0.117,110.641
2015.083,female,C1,3,SOUTH WEST,0.082,0.608,0.016,0.294,35.648
2015.083,female,C1,3,WEST MIDLANDS,0.176,0.661,0.005,0.159,41.509
2015.083,female,C1,3,YORKSHIRE AND THE HUMBER,0.12,0.595,0.059,0.227,50.054
2015.083,female,C1,4,EAST,0.257,0.672,0.02,0.051,39.518
2015.083,female,C1,4,EAST MIDLANDS,0.214,0.708,0.001,0.077,21.762
2015.083,female,C1,4,LONDON,0.163,0.695,0.006,0.136,31.972
2015.083,female,C1,4,NORTH EAST,0.17,0.403,0.011,0.416,23.095
2015.083,female,C1,4,NORTH WEST,0.228,0.671,0.008,0.093,30.368
2015.083,female,C1,4,SOUTH EAST,0.146,0.578,0.018,0.258,100.418
2015.083,female,C1,4,SOUTH WEST,0.36,0.498,0.005,0.137,40.845
2015.083,female,C1,4,WEST MIDLANDS,0.309,0.617,0.002,0.072,29.521
2015.083,female,C1,4,YORKSHIRE AND THE HUMBER,0.225,0.622,0.016,0.137,40.131
2015.083,female,C1,5,EAST,0.339,0.558,0.011,0.091,111.206
2015.083,female,C1,5,EAST MIDLANDS,0.079,0.821,0.003,0.096,49.229
2015.083,female,C1,5,LONDON,0.161,0.744,0.001,0.093,41.106
2015.083,female,C1,5,NORTH EAST,0.352,0.476,0.001,0.171,23.814
2015.083,female,C1,5,NORTH WEST,0.239,0.652,0.009,0.1,73.941
2015.083,female,C1,5,SOUTH EAST,0.262,0.647,0.002,0.09,151.476
2015.083,female,C1,5,SOUTH WEST,0.225,0.703,0.002,0.069,80.887
2015.083,female,C1,5,WEST MIDLANDS,0.27,0.64,0.014,0.075,48.759
2015.083,female,C1,5,YORKSHIRE AND THE HUMBER,0.216,0.72,0.004,0.061,57.839
2015.083,female,C2,0,EAST,0.093,0.804,0.003,0.099,24.412
2015.083,female,C2,0,EAST MIDLANDS,0.02,0.73,0.005,0.244,44.36
2015.083,female,C2,0,LONDON,0.0,0.822,0.012,0.166,38.819
2015.083,female,C2,0,NORTH EAST,0.0,0.738,0.003,0.259,11.205
2015.083,female,C2,0,NORTH WEST,0.038,0.671,0.008,0.285,53.057
2015.083,female,C2,0,SOUTH EAST,0.036,0.431,0.012,0.522,33.617
2015.083,female,C2,0,SOUTH WEST,0.106,0.586,0.092,0.216,14.96
2015.083,female,C2,0,WEST MIDLANDS,0.033,0.752,0.008,0.207,33.116
2015.083,female,C2,0,YORKSHIRE AND THE HUMBER,0.0,0.765,0.023,0.212,23.623
2015.083,female,C2,1,EAST,0.154,0.631,0.008,0.207,37.744
2015.083,female,C2,1,EAST MIDLANDS,0.173,0.514,0.015,0.298,47.794
2015.083,female,C2,1,LONDON,0.039,0.869,0.001,0.091,68.105
2015.083,female,C2,1,NORTH EAST,0.0,0.61,0.02,0.37,15.657
